N_d	W_d	N_sch	W_sch	N_trns	W_trns
0.0	0.0	0.0	0.0	3.6	3.6
0.0	0.0	1.0	1.0	3.6	3.6
0.0	0.0	1.0	1.0	3.6	3.6
0.0	0.0	1.0	1.0	3.6	3.6
0.0	0.0	1.0	1.0	3.6	3.6
0.0	0.0	1.0	1.0	3.6	3.6
0.0	0.0	0.999999956236	0.999999973621	3.6	3.6
0.0	0.0	0.666309311894	0.723838598243	3.6	3.6
0.0	0.0	0.0	0.141091656139	3.6	3.6
204.384093338	168.850474403	0.505058013413	0.582132738455	3.6	3.6
308.236140653	256.120382099	1.0	1.0	3.6	3.6
346.487112212	288.278667643	1.0	1.0	3.6	3.6
308.236140653	256.120382099	1.0	1.0	3.6	3.6
204.384093338	168.850474403	1.0	1.0	3.6	3.6
0.0	0.0	0.999999957211	1.0	3.6	3.6
0.0	0.0	1.0	0.451843161154	3.6	3.6
0.0	0.0	0.352055049609	0.0	3.6	3.6
0.0	0.0	0.0	0.0	3.6	2.04334194201
0.0	0.0	0.0	0.0	3.6	0.681208360807
0.0	0.0	0.0	0.0	3.6	0.228178609349
0.0	0.0	0.545233738931	0.492949081933	3.6	0.0762090648449
0.0	0.0	0.229714399101	0.74109389769	3.6	0.0255988822141
0.0	0.0	0.0	0.0	3.6	0.00882248603667
0.0	0.0	0.0	0.0	1.84443722049	0.00209485629937
0.0	0.0	0.0	0.0	0.615068584946	0.00109663828796
0.0	0.0	0.0	0.0	0.206024202111	0.000149966289144
0.0	0.0	0.0	0.0	0.0672025281194	0.0
0.0	0.0	0.0	0.0	0.0241681792999	0.0
0.0	0.0	0.0	0.0	0.00837866911127	8.08424275661e-05
0.0	0.0	0.0	0.0	0.00199622378153	0.000196246785921
0.0	0.0	0.0	0.0	0.00104744792981	5.77021791775e-05
0.0	0.0	0.0	0.0	0.00014168396227	0.0
0.0	0.0	0.328448556791	0.287660229626	0.0	0.0
214.435824652	239.68731191	1.0	1.0	3.6	3.6
322.443563204	362.457440444	1.0	1.0	3.6	3.6
362.215611491	407.686226749	1.0	1.0	3.6	3.6
322.443563204	362.457440444	1.0	1.0	3.6	3.6
214.435824652	239.68731191	0.838862133425	0.936343325484	3.6	3.6
0.0	0.0	0.0	0.0	3.6	3.6
0.0	0.0	0.0	0.0	3.6	3.6
0.0	0.0	0.0	0.0	3.6	3.6
0.0	0.0	0.0	0.0	3.6	3.6
0.0	0.0	0.0	0.0	3.6	3.6
0.0	0.0	0.0149070439197	0.0726407001114	3.6	3.6
0.0	0.0	0.47127468646	0.274724333012	3.6	3.6
0.0	0.0	0.0	0.0	3.6	3.6
0.0	0.0	0.0	0.0	3.6	3.6
0.0	0.0	0.0	0.0	2.10880478927	3.6
0.0	0.0	0.0	0.0	0.704006015847	2.23231959957
0.0	0.0	0.0	0.0	0.234783522778	0.743132772271
0.0	0.0	0.0	0.0	0.0784135252069	0.247831387091
0.0	0.0	0.0	0.0	0.0263393590366	0.0827712789356
0.0	0.0	0.0	0.0	0.00907768628867	0.0278031427299
0.0	0.0	0.0	0.0	0.00112835974917	0.00958216967947
0.0	0.0	0.0	0.0	0.00179621027257	0.00119106722044
0.0	0.0	0.0	0.0	0.0	0.000894568939557
0.0	0.0	0.492866389472	0.536381020712	0.000660920455805	0.000894568939557
319.27954489	339.502014222	1.0	1.0	3.6	3.6
478.590991803	511.727752483	1.0	1.0	3.6	3.6
537.239604772	575.159401491	1.0	1.0	3.6	3.6
478.590991803	511.727752483	1.0	1.0	3.6	3.6
319.27954489	339.502014222	1.0	1.0	3.6	3.6
0.0	0.0	0.0	0.0	3.6	3.6
0.0	0.0	0.0	0.0	3.6	3.6
0.0	0.0	0.0	0.0	3.6	3.6
0.0	0.0	0.0	0.0	3.6	3.6
0.0	0.0	0.0	0.0	3.6	3.6
0.0	0.0	0.0	0.0	3.6	3.6
0.0	0.0	0.386268146445	0.540876062805	3.6	3.6
0.0	0.0	1.0	0.230733846667	3.6	3.6
0.0	0.0	0.516919656009	0.0	3.6	3.6
0.0	0.0	0.0	0.0	3.6	3.6
0.0	0.0	0.0	0.0	2.33419529845	2.34118890421
0.0	0.0	0.0	0.0	0.777207517289	0.779546694695
0.0	0.0	0.0	0.0	0.25919521792	0.259975326951
0.0	0.0	0.0	0.0	0.085555597108	0.0858130968257
0.0	0.0	0.0	0.0	0.0297493691362	0.0298389068685
0.0	0.0	0.0	0.0	0.0102762660938	0.0103071949366
0.0	0.0	0.0	0.0	0.00128017525362	0.00128402824252
0.0	0.0	0.0	0.0862895017572	0.000959468095234	0.000962355840419
0.0	0.0	0.552893061378	0.216218323596	0.000959468095234	0.000962355840419
199.621099598	187.032002494	0.863231802429	0.730861094277	2.29369322833	2.05181973064
298.235640139	280.94252881	1.0	1.0	3.6	3.6
334.529369879	315.520540956	1.0	1.0	3.6	3.6
298.235640139	280.94252881	1.0	1.0	3.6	3.6
199.621099598	187.032002494	0.777914493296	0.729576037295	3.6	3.6
0.0	0.0	0.0	0.0	3.6	3.6
0.0	0.0	0.0	0.0	3.6	3.6
0.0	0.0	0.0	0.0	3.6	3.6
0.0	0.0	0.0	0.0	3.6	3.6
0.0	0.0	0.0	0.0	3.6	2.41440915639
0.0	0.0	0.0	0.0	3.6	0.804036945569
0.0	0.0	0.536695658227	0.0	1.71863406263	0.268142756163
0.0	0.0	0.0	0.0	0.573236532896	0.0885090157707
0.0	0.0	0.0	0.0	0.192011993805	0.0307763310763
0.0	0.0	0.0	0.0	0.0626319202038	0.00962577455215
0.0	0.0	0.0	0.0	0.020578846046	0.00219581119531
0.0	0.0	0.0	0.0	0.00899276834655	0.000812243352233
0.0	0.0	0.0	0.0	0.00138024133196	0.000812243352233
0.0	0.0	0.0	0.0	0.000848806289608	0.000961175845495
0.0	0.0	0.0	0.0	0.000848806289608	7.44662466312e-05
0.0	0.0	0.0	0.0	0.000588800319543	0.0
0.0	0.0	0.0	0.0	0.0	0.0
0.0	0.0	0.0	0.0	0.0	9.22221382002e-05
0.0	0.0	0.511427389616	0.0	0.0	0.000175566330616
239.62527316	219.042792927	0.934400445998	0.855243777418	3.6	3.6
356.757897983	327.839808053	1.0	1.0	3.6	3.6
399.854280618	367.887069776	1.0	1.0	3.6	3.6
356.757897983	327.839808053	1.0	1.0	3.6	3.6
239.62527316	219.042792927	0.932799423305	0.853905980527	3.6	3.6
0.0	0.0	0.0	0.0	3.6	3.6
0.0	0.0	0.0	0.0	3.6	3.6
0.0	0.0	0.0	0.0	3.6	3.6
0.0	0.0	0.0	0.0	3.6	3.6
0.0	0.0	0.0	0.0	3.6	3.6
0.0	0.0	0.0	0.0	3.6	3.6
0.0	0.0	0.397367091535	0.0	3.6	3.6
0.0	0.0	1.0	0.0	3.6	3.6
0.0	0.0	0.308188015807	0.0	3.6	3.6
0.0	0.0	0.0	0.0	3.32508328604	1.74973848688
0.0	0.0	0.0	0.0	1.11103368475	0.583579372586
0.0	0.0	0.0	0.0	0.369441577074	0.195476467028
0.0	0.0	0.0	0.0	0.123027327999	0.063761988241
0.0	0.0	0.0	0.0	0.0427758016913	0.0209501502637
0.0	0.0	0.0	0.0	0.0120720129314	0.00915502490889
0.0	0.0	0.0	0.0	0.00394463377249	0.00140514503292
0.0	0.0	0.0	0.0	0.00113457810269	0.000864121305556
0.0	0.0	0.0	0.0	0.00172165538661	0.000864121305556
0.0	0.0	0.396501962194	0.0	0.0	0.000599424046529
289.634604631	216.131863291	1.0	0.845799196723	3.6	3.6
429.648356301	322.266260839	1.0	1.0	3.6	3.6
481.147329682	361.321079586	1.0	1.0	3.6	3.6
429.648356301	322.266260839	1.0	1.0	3.6	3.6
289.634604631	216.131863291	1.0	0.845272599822	3.6	3.6
0.0	0.0	0.0	0.0	3.6	3.6
0.0	0.0	0.0	0.0	3.6	3.6
0.0	0.0	0.0	0.0	3.6	3.6
0.0	0.0	0.0	0.0	3.6	3.6
0.0	0.0	0.0	0.0	3.6	3.6
0.0	0.0	0.0	0.0	3.6	3.6
0.0	0.0	0.477720032864	0.284752978544	3.6	3.6
0.0	0.0	0.655941501282	1.0	3.6	3.6
0.0	0.0	0.0	1.0	3.6	1.55974579258
0.0	0.0	0.0	0.277379867161	3.6	0.520403023021
0.0	0.0	0.0	0.0	2.31404309387	0.174314699274
0.0	0.0	0.0	0.0	0.770467134252	0.0568592830365
0.0	0.0	0.0	0.0	0.256947319292	0.0186821420805
0.0	0.0	0.0	0.0	0.0848136069006	0.00816392598348
0.0	0.0	0.0	0.0	0.0294913645015	0.00220756530678
0.0	0.0	0.0	0.0	0.0101871440601	0.000109341239173
0.0	0.0	0.0	0.0	0.00126907279471	0.000109341239173
0.0	0.0	0.0	0.0	0.000951147003979	0.000571843243501
0.0	0.0	0.360368635991	0.459818317721	0.000951147003979	0.000231251002164
209.790379079	184.249680322	1.0	1.0	2.34231749625	1.8843408089
310.03414581	273.655546108	1.0	1.0	3.6	3.6
346.893104478	306.543727905	1.0	1.0	3.6	3.6
310.03414581	273.655546108	1.0	1.0	3.6	3.6
209.790379079	184.249680322	0.821671356578	0.722567110431	3.6	3.6
0.0	0.0	0.0	0.0	3.6	3.6
0.0	0.0	0.0	0.0	3.6	3.6
0.0	0.0	0.0	0.0	3.6	3.6
0.0	0.0	0.0	0.0	3.6	1.49668206464
0.0	0.0	0.0	0.0	3.6	0.497893315
0.0	0.0	0.0	0.0	3.6	0.165802739881
0.0	0.0	0.233853356901	0.322377184524	2.3207982334	0.0550502639962
0.0	0.0	1.0	1.0	0.77272655097	0.0180761234369
0.0	0.0	1.0	0.90306810487	0.25770082836	0.0078998352629
0.0	0.0	0.638229209927	0.0	0.085062326457	0.00213623146139
0.0	0.0	0.0	0.0	0.0295778491986	0.000105795730363
0.0	0.0	0.0	0.0	0.0102170182989	0.000105795730363
0.0	0.0	0.0	0.0	0.00127279440535	0.000553383558254
0.0	0.0	0.0	0.0	0.000953936283549	0.000223793913946
0.0	0.0	0.0	0.0	0.000953936283549	0.0
0.0	0.0	0.0	0.0	0.000535182171363	0.0
0.0	0.0	0.0	0.0	0.0	0.0
0.0	0.0	0.0	0.0	0.0	8.9772297551e-05
0.0	0.0	0.0	0.0	0.0	5.22610352494e-05
204.839365317	109.383916029	0.802479394928	0.430584789087	2.19631262574	0.831709426605
301.53921968	161.806712622	1.0	0.635178080257	3.6	2.03159692546
337.082901949	181.083844902	1.0	0.710049661963	3.6	2.49015005611
301.53921968	161.806712622	1.0	0.635066898718	3.6	2.47115376634
204.839365317	109.383916029	0.802204860959	0.430506504515	3.6	1.96927421306
0.0	0.0	0.0	0.0	3.6	0.752094447261
0.0	0.0	0.0	0.0	3.6	0.0
0.0	0.0	0.0	0.0	3.6	0.0
0.0	0.0	0.0	0.0	3.6	1.85792513794e-06
0.0	0.0	0.0	0.0	3.6	2.13818269902e-06
0.0	0.0	0.0	0.0	1.98158340109	1.40128780543e-07
0.0	0.0	0.228030099813	0.0	0.660672417656	0.0
0.0	0.0	1.0	0.0	0.221299819065	0.0
0.0	0.0	1.0	0.0	0.0739116269331	2.14724544674e-07
0.0	0.0	0.59727858245	0.0	0.0248271650615	3.92151207283e-07
0.0	0.0	0.0	0.0	0.0085565188063	8.87133313042e-08
0.0	0.0	0.0	0.0	0.00203170367712	0.0
0.0	0.0	0.0	0.0	0.00106357846254	0.0
0.0	0.0	0.0	0.0	0.000145445327773	1.57514016713e-08
0.0	0.0	0.0	0.0	0.0	6.7983768159e-08
0.0	0.0	0.0	0.0	0.0	2.61161832439e-08
0.0	0.0	0.0	0.0	7.84053099024e-05	0.0
0.0	0.0	0.0	0.0	0.00019033062874	0.0
0.0	0.0	0.0	0.453143256743	5.59626594188e-05	0.0
204.872196704	69.4431246904	1.0	1.0	2.14362269381	0.443772655709
300.379706898	102.29816222	1.0	0.402416752588	3.6	1.12843934801
335.47253665	114.375351125	1.0	0.449477816193	3.6	1.40575839962
300.379706898	102.29816222	1.0	0.402284688796	3.6	1.39921478662
204.872196704	69.4431246904	1.0	0.273670480602	3.6	1.10737131846
0.0	0.0	0.0	0.0	3.6	0.425958372063
0.0	0.0	0.0	0.0	3.6	1.3168883441e-09
0.0	0.0	0.0	0.0	3.6	0.0
0.0	0.0	0.0	0.0	3.6	0.0
0.0	0.0	0.0	0.0	3.36456529432	0.0
0.0	0.0	0.0	0.0	1.12389468085	2.35728918076e-10
0.0	0.0	0.371519841338	0.419877239538	0.373718002063	2.58769543696e-10
0.0	0.0	1.0	1.0	0.124451415609	1.15203128098e-11
0.0	0.0	0.339017374775	0.0	0.0432709476898	0.0
0.0	0.0	0.0	0.0	0.0122117510231	0.0
0.0	0.0	0.0	0.0	0.00399029439252	2.80260756583e-11
0.0	0.0	0.0	0.0	0.0011477112711	4.77992698924e-11
0.0	0.0	0.0	0.0	0.00174158419546	9.88659711703e-12
0.0	0.0	0.0	0.0	0.0	0.0
0.0	0.0	0.0	0.0	0.0	0.0
0.0	0.0	0.0	0.0	0.00080156230439	2.26743481766e-12
0.0	0.0	0.0	0.0	0.000470010945537	8.34445078501e-12
0.0	0.0	0.0	0.123163149373	0.0	3.03850798367e-12
0.0	0.0	0.0	0.0266399363898	0.0	0.0
284.850477289	96.9380352565	1.0	0.381200087135	3.6	0.684609732771
415.92778794	142.194896435	1.0	0.557061773964	3.6	1.69988864061
464.072241515	158.824560963	1.0	0.621072067197	3.6	2.08944738366
415.92778794	142.194896435	1.0	0.556634672494	3.6	2.0749008901
284.850477289	96.9380352565	1.0	0.380868240242	3.6	1.65269161227
0.0	0.0	0.172981138286	0.0	3.6	0.628957652661
0.0	0.0	0.0	0.0	3.6	0.0
0.0	0.0	0.0	0.0	3.6	2.11781397509e-13
0.0	0.0	0.0	0.0	3.6	1.57885392832e-13
0.0	0.0	0.0	0.0	3.6	0.0
0.0	0.0	0.0	0.0480351700949	3.6	0.0
0.0	0.0	0.231890122251	0.280010875721	3.6	0.0
0.0	0.0	1.0	0.0	3.6	2.9841174981e-14
0.0	0.0	1.0	0.0	3.6	3.12877613021e-14
0.0	0.0	0.466918535311	0.0	3.6	7.23293160547e-16
0.0	0.0	0.0	0.0	2.25800895198	0.0
0.0	0.0	0.0	0.0	0.751725185797	0.0
0.0	0.0	0.0	0.0	0.250696932634	3.63973522756e-15
0.0	0.0	0.0	0.0	0.0837283202435	5.82124942161e-15
0.0	0.0	0.0	0.0	0.0281246160288	1.09075709703e-15
0.0	0.0	0.0	0.0	0.00969296333065	0.0
0.0	0.0	0.0	0.0	0.00120483891209	0.0
0.0	0.0	0.0	0.0	0.00090491237558	3.18622266316e-16
0.0	0.0	0.128362103646	0.16068220082	0.00090491237558	1.02331194799e-15
284.859298196	123.434736753	1.0	1.0	3.6	0.945656252484
414.196474518	180.276752213	1.0	1.0	3.6	2.31234403451
461.683377954	201.155164677	1.0	1.0	3.6	2.80973620438
414.196474518	180.276752213	1.0	0.748988574556	3.6	2.78392627589
284.859298196	123.434736753	1.0	0.484112721934	3.6	2.22854198622
0.0	0.0	0.0	0.0	3.6	0.84791523766
0.0	0.0	0.0	0.0	3.6	0.0
0.0	0.0	0.0	0.0	3.6	0.0
0.0	0.0	0.0	0.0	3.6	0.0
0.0	0.0	0.0	0.0	3.6	2.64072458332e-17
0.0	0.0	0.0	0.0	3.6	1.89066042647e-17
0.0	0.0	0.497500701067	0.474061410688	3.6	0.0
0.0	0.0	0.27051940408	0.0	3.6	0.0
0.0	0.0	0.0	0.0	3.6	0.0
0.0	0.0	0.0	0.0	3.6	3.76969582718e-18
0.0	0.0	0.0	0.0	1.43007643769	3.77938334865e-18
0.0	0.0	0.0	0.0	0.475696859729	4.84376073612e-21
0.0	0.0	0.0	0.0	0.158411158779	0.0
0.0	0.0	0.0	0.0	0.0525960916152	0.0
0.0	0.0	0.0	0.0	0.0172702794751	4.70606508305e-19
0.0	0.0	0.0	0.0	0.00544265876328	7.08331642826e-19
0.0	0.0	0.0	0.0	0.00161726873531	1.1886256726e-19
0.0	0.0	0.0	0.0	0.0024131633446	0.0
0.0	0.0	0.146635771416	0.452626803744	0.0	0.0
244.868538381	337.333384479	1.0	1.0	3.6	3.6
354.52820178	490.502171593	1.0	1.0	3.6	3.6
394.774249875	546.739058362	1.0	1.0	3.6	3.6
354.52820178	490.502171593	1.0	1.0	3.6	3.6
244.868538381	337.333384479	0.955080163666	1.0	3.6	3.6
0.0	0.0	0.0	0.0	3.6	3.6
0.0	0.0	0.0	0.0	3.6	3.6
0.0	0.0	0.0	0.0	3.6	3.6
0.0	0.0	0.0	0.0	3.6	3.6
0.0	0.0	0.0	0.0	3.6	3.6
0.0	0.0	0.0	0.0	3.6	3.6
0.0	0.0	0.489088099557	0.0	3.6	3.6
0.0	0.0	0.0	0.0	3.6	3.6
0.0	0.0	0.0	0.0	3.57125460061	3.6
0.0	0.0	0.0	0.0	1.1890828652	3.6
0.0	0.0	0.0	0.0	0.395393000718	2.32179030489
0.0	0.0	0.0	0.0	0.131669383802	0.773058372821
0.0	0.0	0.0	0.0	0.0437172165083	0.257811490006
0.0	0.0	0.0	0.0	0.0143548412814	0.0850988538416
0.0	0.0	0.0	0.0	0.00452387020167	0.0295905504909
0.0	0.0	0.0	0.0	0.00134425363748	0.0102214056813
0.0	0.0	0.0	0.0	0.00200579132764	0.00127334096754
0.0	0.0	0.0	0.0	0.000661537690159	0.000954345921974
0.0	0.0	0.0	0.150727597437	0.0	0.000954345921974
299.80236346	252.863288441	1.0	1.0	3.6	3.6
432.181777046	366.031658377	1.0	1.0	3.6	3.6
480.746065426	407.564664441	1.0	1.0	3.6	3.6
432.181777046	366.031658377	1.0	1.0	3.6	3.6
299.80236346	252.863288441	1.0	0.9879847746	3.6	3.6
0.0	0.0	0.0	0.0	3.6	3.6
0.0	0.0	0.0	0.0	3.6	3.6
0.0	0.0	0.0	0.0	3.6	3.6
0.0	0.0	0.0	0.0	3.6	3.6
0.0	0.0	0.0	0.0	3.6	3.6
0.0	0.0	0.0	0.0	3.6	3.6
0.0	0.0	0.0	0.0	3.6	3.6
0.0	0.0	0.0	1.0	3.6	3.6
0.0	0.0	1.0	1.0	3.6	3.6
0.0	0.0	1.0	1.0	3.6	2.07691008786
0.0	0.0	1.0	1.0	1.4913277677	0.693384825402
0.0	0.0	1.0	1.0	0.496108985087	0.231241402954
0.0	0.0	1.0	1.0	0.165208545037	0.0772305201328
0.0	0.0	1.0	0.180731415783	0.0548529778467	0.0259419837713
0.0	0.0	1.0	0.0	0.0180113432065	0.00894073352562
0.0	0.0	1.0	0.0	0.00787152426191	0.00111133647028
0.0	0.0	1.0	0.0	0.00212857575099	0.00176911130131
0.0	0.0	0.0481334858714	0.0	0.000105416585365	0.0
0.0	0.0	0.0	0.0	0.000105416585365	0.000650949315616
359.688504937	317.78573544	1.0	1.0	3.6	3.6
516.235853704	457.926218131	1.0	1.0	3.6	3.6
573.641840456	509.335768888	1.0	1.0	3.6	3.6
516.235853704	457.926218131	1.0	1.0	3.6	3.6
359.688504937	317.78573544	1.0	1.0	3.6	3.6
0.0	0.0	0.0	1.0	3.6	3.6
0.0	0.0	0.0	1.0	3.6	3.6
0.0	0.0	0.0	1.0	3.6	3.6
0.0	0.0	0.0	1.0	3.6	3.6
0.0	0.0	0.0	1.0	3.6	3.6
0.0	0.0	0.0	0.818428151346	3.6	3.6
0.0	0.0	0.0	0.0	3.6	3.6
0.0	0.0	1.0	0.0	3.6	3.6
0.0	0.0	1.0	0.0	3.6	3.6
0.0	0.0	1.0	0.0	3.6	3.6
0.0	0.0	1.0	0.0	2.32272559817	2.28615468808
0.0	0.0	1.0	0.0	0.773371203852	0.761139195138
0.0	0.0	1.0	0.0	0.257915818268	0.253836478052
0.0	0.0	1.0	0.0	0.085133290692	0.0847768726422
0.0	0.0	1.0	0.0	0.0296025248632	0.0284768282018
0.0	0.0	1.0	0.0	0.0102255419652	0.00981435093195
0.0	0.0	1.0	0.0	0.00127385624889	0.00121992743564
0.0	0.0	3.01980662698e-14	0.0	0.000954732115985	0.000916244837997
0.0	0.0	0.0	0.0	0.000954732115985	0.000916244837997
154.820140397	158.357566884	0.607715649167	0.0	1.21969775091	1.25972158634
221.218001553	227.148529586	0.864837192025	1.0	2.97855091456	3.08258175108
245.555468143	252.372784148	0.958279890777	1.0	3.56060723095	3.6
221.218001553	227.148529586	0.864400723863	1.0	3.51962072337	3.6
154.820140397	158.357566884	0.607363692234	1.0	2.84605956586	3.03432197812
0.0	0.0	0.0	1.0	1.08103773835	1.14458358621
0.0	0.0	0.0	1.0	0.0	0.00981545146942
0.0	0.0	0.0	1.0	0.0	0.00223921891532
0.0	0.0	0.0	1.0	0.0	0.000828109668877
0.0	0.0	0.0	1.0	2.01924429401e-05	0.000828109668877
0.0	0.0	0.0	0.253720649168	2.22866331074e-05	0.000980185431105
0.0	0.0	0.0	0.0	1.04709508369e-06	7.60378811141e-05
0.0	0.0	1.0	0.0	0.0	0.0
0.0	0.0	1.0	0.0	0.0	0.0
0.0	0.0	1.0	0.0	2.39316848205e-06	9.40089734703e-05
0.0	0.0	1.0	0.0	4.11330026491e-06	0.000179032400763
0.0	0.0	1.0	0.0	8.60065891435e-07	4.25117136461e-05
0.0	0.0	1.0	0.0	0.0	0.0
0.0	0.0	1.0	0.0	0.0	0.0
0.0	0.0	1.0	0.0	1.91637823826e-07	6.43715747803e-06
0.0	0.0	1.0	0.0	7.17489681457e-07	3.09115930401e-05
0.0	0.0	1.0	0.0	2.62925928815e-07	1.2237217781e-05
0.0	0.0	0.0	0.0	0.0	0.0
0.0	0.0	0.0	0.0	0.0	0.0
364.434996281	156.808623958	1.0	0.0	3.6	1.21883596514
518.406023019	223.891358073	1.0	1.0	3.6	2.9976063429
574.817214836	248.478021327	1.0	1.0	3.6	3.58872639211
518.406023019	223.891358073	1.0	1.0	3.6	3.5468206949
364.434996281	156.808623958	1.0	1.0	3.6	2.863953346
0.0	0.0	0.0	1.0	3.6	1.08493801207
0.0	0.0	0.0	1.0	3.6	7.63452511895e-07
0.0	0.0	0.0	1.0	3.6	6.06917512114e-07
0.0	0.0	0.0	1.0	3.6	0.0
0.0	0.0	0.0	0.787737251367	3.6	0.0
0.0	0.0	0.0	0.0	3.6	0.0
0.0	0.0	0.0	0.0	3.6	1.05215001473e-07
0.0	0.0	1.0	0.0	3.6	1.18688752265e-07
0.0	0.0	1.0	0.0	3.6	6.73687539568e-09
0.0	0.0	1.0	0.0	3.6	0.0
0.0	0.0	1.0	0.0	2.31951771676	0.0
0.0	0.0	1.0	0.0	0.772298251793	1.23097657597e-08
0.0	0.0	1.0	0.0	0.257557991799	2.18330863374e-08
0.0	0.0	1.0	0.0	0.0850151787217	4.76166028884e-09
0.0	0.0	1.0	0.0	0.0295614550008	0.0
0.0	0.0	1.0	0.0	0.0102113552834	0.0
0.0	0.0	1.0	0.0	0.00127208893001	9.43513183856e-10
0.0	0.0	8.72635297355e-14	0.0	0.000953407542597	3.7960999202e-09
0.0	0.0	0.0	0.0	0.000953407542597	1.42629336817e-09
484.014866112	256.578981552	1.0	0.7237743101	3.6	2.48157105814
685.417661589	364.649214968	1.0	1.0	3.6	3.6
759.172786384	404.239826934	1.0	1.0	3.6	3.6
685.417661589	364.649214968	1.0	1.0	3.6	3.6
484.014866112	256.578981552	1.0	1.0	3.6	3.6
0.0	0.0	0.0	1.0	3.6	3.6
0.0	0.0	0.0	1.0	3.6	3.6
0.0	0.0	0.0	1.0	3.6	3.6
0.0	0.0	0.0	1.0	3.6	3.6
0.0	0.0	0.0	1.0	3.6	3.6
0.0	0.0	0.0	1.0	3.6	3.6
0.0	0.0	0.0	0.0	3.6	3.6
0.0	0.0	1.0	0.0	3.6	2.28858152171
0.0	0.0	1.0	0.0	3.6	0.761950907238
0.0	0.0	1.0	0.0	3.6	0.254107181735
0.0	0.0	1.0	0.0	2.34761623859	0.0848672828636
0.0	0.0	1.0	0.0	0.781696469203	0.0285071972902
0.0	0.0	1.0	0.0	0.260692270652	0.00982481743789
0.0	0.0	1.0	0.0	0.0860497468237	0.00122122842618
0.0	0.0	1.0	0.0	0.0299211947419	0.000917221966501
0.0	0.0	1.0	0.0	0.0103356194749	0.000917221966501
0.0	0.0	1.0	0.0	0.0012875692554	0.000513411922515
0.0	0.0	7.86037901435e-14	0.0	0.00096500976524	0.0
0.0	0.0	0.0	0.0	0.00096500976524	0.0
294.229229309	271.412695834	1.0	1.0	3.6	2.63540286952
414.784551609	383.942090636	1.0	1.0	3.6	3.6
458.912043749	425.146630466	1.0	1.0	3.6	3.6
414.784551609	383.942090636	1.0	1.0	3.6	3.6
294.229229309	271.412695834	1.0	1.0	3.6	3.6
0.0	0.0	0.0	1.0	3.6	3.6
0.0	0.0	0.0	1.0	3.6	3.6
0.0	0.0	0.0	1.0	3.6	3.6
0.0	0.0	0.0	1.0	3.6	3.6
0.0	0.0	0.0	1.0	3.6	3.6
0.0	0.0	0.0	0.918318068968	3.6	3.6
0.0	0.0	0.0	0.0	3.6	3.6
0.0	0.0	0.0	0.0	3.6	3.6
0.0	0.0	1.0	0.0	3.6	2.81578810728
0.0	0.0	1.0	0.0	3.08839745519	0.940583199365
0.0	0.0	1.0	0.0	1.02796195786	0.313681382654
0.0	0.0	1.0	0.0	0.341817061632	0.103540484388
0.0	0.0	1.0	0.0	0.113828119955	0.0360030692826
0.0	0.0	1.0	0.0	0.0395772968892	0.0101607004597
0.0	0.0	1.0	0.0	0.0111693439034	0.00332009151371
0.0	0.0	1.0	0.0	0.00364967892499	0.000954944856469
0.0	0.0	1.0	0.0	0.00104974150427	0.000954944856469
0.0	0.0	1.0	0.0	0.0015929208497	0.00025539053269
0.0	0.0	0.0	0.0	0.0	0.00025539053269
513.303190543	182.989101308	1.0	0.0	3.6	1.43304178289
720.357456318	257.656099148	1.0	1.0	3.6	3.5437181598
796.110338901	284.983396028	1.0	1.0	3.6	3.6
720.357456318	257.656099148	1.0	1.0	3.6	3.6
513.303190543	182.989101308	1.0	1.0	3.6	3.6
0.0	0.0	0.0	1.0	3.6	1.89389377754
0.0	0.0	0.0	1.0	3.6	0.206568993732
0.0	0.0	0.0	1.0	3.6	0.0673787521145
0.0	0.0	0.0	1.0	3.6	0.024231572882
0.0	0.0	0.0	1.0	3.6	0.00840064702929
0.0	0.0	0.0	0.180588924964	3.6	0.00200146010585
0.0	0.0	0.0	0.0	3.6	0.00105019553131
0.0	0.0	0.0	0.0	3.6	0.000142055602962
0.0	0.0	0.328654300561	0.0	3.6	0.0
0.0	0.0	1.0	0.0	3.6	0.0
0.0	0.0	1.0	0.0	2.34777784787	7.80035903028e-05
0.0	0.0	1.0	0.0	0.781750523259	0.000188033186935
0.0	0.0	1.0	0.0	0.260710297527	5.50147983163e-05
0.0	0.0	1.0	0.0	0.0860556971652	0.0
0.0	0.0	1.0	0.0	0.029923263793	0.0
0.0	0.0	1.0	0.0	0.0103363341832	2.87359899831e-06
0.0	0.0	0.818314167149	0.0	0.00128765829084	3.18177976556e-05
0.0	0.0	0.0	0.0	0.000965076495682	1.44720993287e-05
0.0	0.0	0.0	0.0	0.000965076495682	0.0
358.531660985	199.297041772	1.0	0.00864139641436	3.6	1.58435829596
500.886673293	279.317043899	1.0	1.0	3.6	3.6
552.943309337	308.588993475	1.0	1.0	3.6	3.6
500.886673293	279.317043899	1.0	1.0	3.6	3.6
358.531660985	199.297041772	1.0	1.0	3.6	3.6
0.0	0.0	0.0	1.0	3.6	3.04910548699
0.0	0.0	0.0	1.0	3.6	0.548988344165
0.0	0.0	0.0	1.0	3.6	0.183889648862
0.0	0.0	0.0	1.0	3.6	0.0599825122683
0.0	0.0	0.0	1.0	3.6	0.0197083353274
0.0	0.0	0.0	0.106577830928	3.6	0.00861236308861
0.0	0.0	0.0	0.0	3.6	0.0013218554112
0.0	0.0	0.0	0.0	3.6	0.000812900730485
0.0	0.0	0.308875426863	0.0	3.6	0.000812900730485
0.0	0.0	1.0	0.0	3.6	0.000563893335524
0.0	0.0	1.0	0.0	1.71237092127	0.0
0.0	0.0	1.0	0.0	0.571153913829	0.0
0.0	0.0	1.0	0.0	0.191314392545	0.0
0.0	0.0	1.0	0.0	0.0624043713572	0.000117175553496
0.0	0.0	1.0	0.0	0.0205040807719	0.000113511481503
0.0	0.0	1.0	0.0	0.00896009660255	0.0
0.0	0.0	0.854480962004	0.0	0.00137522675916	0.0
0.0	0.0	0.0	0.0	0.000845722480403	0.0
0.0	0.0	0.0	0.0	0.000845722480403	1.48759486865e-05
407.964097229	392.783101618	1.0	1.0	3.6	3.6
567.38185824	547.943417176	1.0	1.0	3.6	3.6
625.649157156	604.67374778	1.0	1.0	3.6	3.6
567.38185824	547.943417176	1.0	1.0	3.6	3.6
407.964097229	392.783101618	1.0	1.0	3.6	3.6
0.0	0.0	0.0	1.0	3.6	3.6
0.0	0.0	0.0	0.635631342539	3.6	3.6
0.0	0.0	0.0	0.0	3.6	3.6
0.0	0.0	0.0	0.0	3.6	3.6
0.0	0.0	0.0	0.0	3.6	3.6
0.0	0.0	0.0	0.0	3.6	3.6
