NASA_sch	WRDC_sch	NASA_trns	WRDC_trns
124.0	124.0	3.6	3.6
124.0	124.0	3.6	3.6
123.0	123.0	3.6	3.6
123.0	123.0	3.6	3.6
122.0	122.0	3.6	3.6
122.0	122.0	3.6	3.6
121.0	121.0	3.6	3.6
121.0	121.0	3.6	3.6
120.0	120.0	3.6	3.6
1.0	1.0	3.6	3.6
1.0	1.0	3.6	3.6
1.0	1.0	3.6	3.6
1.0	1.0	3.6	3.6
1.0	1.0	3.6	3.6
230.412342095	168.075165161	3.6	3.6
249.987045193	179.795180525	3.6	3.6
229.412342095	167.075165161	3.6	3.6
248.987045193	178.795180525	3.6	3.6
228.412342095	166.075165161	3.6	3.6
247.987045193	177.795180525	3.6	3.6
227.412342095	165.075165161	3.6	3.6
246.987045193	176.795180525	3.6	3.6
226.412342095	164.075165161	3.6	3.6
245.987045193	175.795180525	3.6	3.6
225.412342095	163.075165161	3.6	3.6
244.987045193	174.795180525	3.6	3.6
224.412342095	162.075165161	3.6	3.6
243.987045193	173.795180525	3.6	3.6
223.412342095	161.075165161	3.6	3.6
242.987045193	172.795180525	3.6	3.6
222.412342095	160.075165161	3.6	3.6
241.987045193	171.795180525	3.6	3.6
221.412342095	159.075165161	3.6	3.6
1.0	1.0	3.6	3.6
1.0	1.0	3.6	3.6
1.0	1.0	3.6	3.6
1.0	1.0	3.6	3.6
1.0	1.0	3.6	3.6
336.261124593	226.491439131	3.6	3.6
356.728451857	254.801356079	3.6	3.6
335.261124593	225.491439131	3.6	3.6
355.728451857	253.801356079	3.6	3.6
334.261124593	224.491439131	3.6	3.6
354.728451857	252.801356079	3.6	3.6
333.261124593	223.491439131	3.6	3.6
353.728451857	251.801356079	3.6	3.6
332.261124593	222.491439131	3.6	3.6
352.728451857	250.801356079	3.6	3.6
331.261124593	221.491439131	3.6	3.6
351.728451857	249.801356079	3.6	3.6
330.261124593	220.491439131	3.6	3.6
350.728451857	248.801356079	3.6	3.6
329.261124593	219.491439131	3.6	3.6
349.728451857	247.801356079	3.6	3.6
328.261124593	218.491439131	3.6	3.6
348.728451857	246.801356079	3.6	3.6
327.261124593	217.491439131	3.6	3.6
1.0	1.0	3.6	3.6
1.0	1.0	3.6	3.6
1.0	1.0	3.6	3.6
1.0	1.0	3.6	3.6
1.0	1.0	3.6	3.6
456.375512541	283.309412833	3.6	3.6
486.128764302	339.161162425	3.6	3.6
455.375512541	282.309412833	3.6	3.6
485.128764302	338.161162425	3.6	3.6
454.375512541	281.309412833	3.6	3.6
484.128764302	337.161162425	3.6	3.6
453.375512541	280.309412833	3.6	3.6
483.128764302	336.161162425	3.6	3.6
452.375512541	279.309412833	3.6	3.6
482.128764302	335.161162425	3.6	3.6
451.375512541	278.309412833	3.6	3.6
481.128764302	334.161162425	3.6	3.6
450.375512541	277.309412833	3.6	3.6
480.128764302	333.161162425	3.6	3.6
449.375512541	276.309412833	3.6	3.6
479.128764302	332.161162425	3.6	3.6
448.375512541	275.309412833	3.6	3.6
478.128764302	331.161162425	3.6	3.6
447.375512541	274.309412833	3.6	3.6
1.0	1.0	3.6	3.6
1.0	1.0	3.6	3.6
1.0	1.0	3.6	3.6
1.0	1.0	3.6	3.6
1.0	1.0	3.6	3.6
549.819847449	325.504401896	3.6	3.6
568.519589665	394.268405797	3.6	3.6
548.819847449	324.504401896	3.6	3.6
567.519589665	393.268405797	3.6	3.6
547.819847449	323.504401896	3.6	3.6
566.519589665	392.268405797	3.6	3.6
546.819847449	322.504401896	3.6	3.6
565.519589665	391.268405797	3.6	3.6
545.819847449	321.504401896	3.6	3.6
564.519589665	390.268405797	3.6	3.6
544.819847449	320.504401896	3.6	3.6
563.519589665	389.268405797	3.6	3.6
543.819847449	319.504401896	3.6	3.6
562.519589665	388.268405797	3.6	3.6
542.819847449	318.504401896	3.6	3.6
561.519589665	387.268405797	3.6	3.6
541.819847449	317.504401896	3.6	3.6
560.519589665	386.268405797	3.6	3.6
540.819847449	316.504401896	3.6	3.6
1.0	1.0	3.6	3.6
1.0	1.0	3.6	3.6
1.0	1.0	3.6	3.6
1.0	1.0	3.6	3.6
1.0	1.0	3.6	3.6
661.369431076	376.526562534	3.6	3.6
683.921064912	459.632424532	3.6	3.6
660.369431076	375.526562534	3.6	3.6
682.921064912	458.632424532	3.6	3.6
659.369431076	374.526562534	3.6	3.6
681.921064912	457.632424532	3.6	3.6
658.369431076	373.526562534	3.6	3.6
680.921064912	456.632424532	3.6	3.6
657.369431076	372.526562534	3.6	3.6
679.921064912	455.632424532	3.6	3.6
656.369431076	371.526562534	3.6	3.6
678.921064912	454.632424532	3.6	3.6
655.369431076	370.526562534	3.6	3.6
677.921064912	453.632424532	3.6	3.6
654.369431076	369.526562534	3.6	3.6
676.921064912	452.632424532	3.6	3.6
653.369431076	368.526562534	3.6	3.6
675.921064912	451.632424532	3.6	3.6
652.369431076	367.526562534	3.6	3.6
1.0	1.0	3.6	3.6
1.0	1.0	3.6	3.6
1.0	1.0	3.6	3.6
1.0	1.0	3.6	3.6
1.0	1.0	3.6	3.6
800.991715354	427.600032275	3.6	3.6
828.51733591	525.962998094	3.6	3.6
799.991715354	426.600032275	3.6	3.6
827.51733591	524.962998094	3.6	3.6
798.991715354	425.600032275	3.6	3.6
826.51733591	523.962998094	3.6	3.6
797.991715354	424.600032275	3.6	3.6
825.51733591	522.962998094	3.6	3.6
796.991715354	423.600032275	3.6	3.6
824.51733591	521.962998094	3.6	3.6
795.991715354	422.600032275	3.6	3.6
823.51733591	520.962998094	3.6	3.6
794.991715354	421.600032275	3.6	3.6
822.51733591	519.962998094	3.6	3.6
793.991715354	420.600032275	3.6	3.6
821.51733591	518.962998094	3.6	3.6
792.991715354	419.600032275	3.6	3.6
820.51733591	517.962998094	3.6	3.6
791.991715354	418.600032275	3.6	3.6
1.0	1.0	3.6	3.6
1.0	1.0	3.6	3.6
1.0	1.0	3.6	3.6
1.0	1.0	3.6	3.6
1.0	1.0	3.6	3.6
903.282452728	469.985750798	3.6	3.6
923.378047655	581.471994762	3.6	3.6
902.282452728	468.985750798	3.6	3.6
922.378047655	580.471994762	3.6	3.6
901.282452728	467.985750798	3.6	3.6
921.378047655	579.471994762	3.6	3.6
900.282452728	466.985750798	3.6	3.6
920.378047655	578.471994762	3.6	3.6
899.282452728	465.985750798	3.6	3.6
919.378047655	577.471994762	3.6	3.6
898.282452728	464.985750798	3.6	3.6
918.378047655	576.471994762	3.6	3.6
897.282452728	463.985750798	3.6	3.6
917.378047655	575.471994762	3.6	3.6
896.282452728	462.985750798	3.6	3.6
916.378047655	574.471994762	3.6	3.6
895.282452728	461.985750798	3.6	3.6
915.378047655	573.471994762	3.6	3.6
894.282452728	460.985750798	3.6	3.6
1.0	1.0	3.6	3.6
1.0	1.0	3.6	3.6
1.0	1.0	3.6	3.6
1.0	1.0	3.6	3.6
1.0	1.0	3.6	3.6
1002.42557848	490.790228772	3.6	3.6
1022.01617381	610.161145222	3.6	3.6
1001.42557848	489.790228772	3.6	3.6
1021.01617381	609.161145222	3.6	3.6
1000.42557848	488.790228772	3.6	3.6
1020.01617381	608.161145222	3.6	3.6
999.425578477	487.790228772	3.6	3.6
1019.01617381	607.161145222	3.6	3.6
998.425578477	486.790228772	3.6	3.6
1018.01617381	606.161145222	3.6	3.6
997.425578477	485.790228772	3.6	3.6
1017.01617381	605.161145222	3.6	3.6
996.425578477	484.790228772	3.6	3.6
1016.01617381	604.161145222	3.6	3.6
995.425578477	483.790228772	3.6	3.6
1015.01617381	603.161145222	3.6	3.6
994.425578477	482.790228772	3.6	3.6
1014.01617381	602.161145222	3.6	3.6
993.425578477	481.790228772	3.6	3.6
1.0	1.0	3.6	3.6
1.0	1.0	3.6	3.6
1.0	1.0	3.6	3.6
1.0	1.0	3.6	3.6
1.0	1.0	3.6	3.6
1099.94381121	499.684128691	3.6	3.6
1119.3676683	624.102072698	3.6	3.6
1098.94381121	498.684128691	3.6	3.6
1118.3676683	623.102072698	3.6	3.6
1097.94381121	497.684128691	3.6	3.6
1117.3676683	622.102072698	3.6	3.6
1096.94381121	496.684128691	3.6	3.6
1116.3676683	621.102072698	3.6	3.6
1095.94381121	495.684128691	3.6	3.6
1115.3676683	620.102072698	3.6	3.6
1094.94381121	494.684128691	3.6	3.6
1114.3676683	619.102072698	3.6	3.6
1093.94381121	493.684128691	3.6	3.6
1113.3676683	618.102072698	3.6	3.6
1092.94381121	492.684128691	3.6	3.6
1112.3676683	617.102072698	3.6	3.6
1091.94381121	491.684128691	3.6	3.6
1111.3676683	616.102072698	3.6	3.6
1090.94381121	490.684128691	3.6	3.6
1.0	1.0	3.6	3.6
1.0	1.0	3.6	3.6
1.0	1.0	3.6	3.6
1.0	1.0	3.6	3.6
1.0	1.0	3.6	3.6
1207.44201205	516.266548085	3.6	3.6
1233.89430588	647.733690966	3.6	3.6
1206.44201205	515.266548085	3.6	3.6
1232.89430588	646.733690966	3.6	3.6
1205.44201205	514.266548085	3.6	3.6
1231.89430588	645.733690966	3.6	3.6
1204.44201205	513.266548085	3.6	3.6
1230.89430588	644.733690966	3.6	3.6
1203.44201205	512.266548085	3.6	3.6
1229.89430588	643.733690966	3.6	3.6
1202.44201205	511.266548085	3.6	3.6
1228.89430588	642.733690966	3.6	3.6
1201.44201205	510.266548085	3.6	3.6
1227.89430588	641.733690966	3.6	3.6
1200.44201205	509.266548085	3.6	1.67596654366
1226.89430588	640.733690966	3.6	0.559048734235
1199.44201205	508.266548085	3.6	0.186166908316
1225.89430588	639.733690966	3.6	0.0618159037285
1198.44201205	507.266548085	3.6	0.0202933274051
1.0	1.0	3.6	3.6
1.0	1.0	3.6	3.6
1.0	1.0	3.6	3.6
1.0	1.0	3.6	3.6
1.0	1.0	3.6	3.6
1318.10198967	540.165500189	3.6	3.6
1344.61583851	680.628381258	3.6	3.6
1317.10198967	539.165500189	3.6	3.6
1343.61583851	679.628381258	3.6	3.6
1316.10198967	538.165500189	3.6	3.6
1342.61583851	678.628381258	3.6	3.6
1315.10198967	537.165500189	3.6	3.6
1341.61583851	677.628381258	3.6	3.6
1314.10198967	536.165500189	3.6	3.6
1340.61583851	676.628381258	3.6	3.6
1313.10198967	535.165500189	3.6	3.6
1339.61583851	675.628381258	3.6	3.6
1312.10198967	534.165500189	3.6	3.6
1338.61583851	674.628381258	3.6	3.6
1311.10198967	533.165500189	3.6	3.6
1337.61583851	673.628381258	3.6	3.6
1310.10198967	532.165500189	3.6	3.6
1336.61583851	672.628381258	3.6	3.6
1309.10198967	531.165500189	3.6	3.28558978079
1.0	1.0	3.6	3.6
1.0	1.0	3.6	3.6
1.0	1.0	3.6	3.6
1.0	1.0	3.6	3.6
1.0	1.0	3.6	3.6
1434.72482015	608.952022207	3.6	3.6
1457.96952024	773.718604935	3.6	3.6
1433.72482015	607.952022207	3.6	3.6
1456.96952024	772.718604935	3.6	3.6
1432.72482015	606.952022207	3.6	3.6
1455.96952024	771.718604935	3.6	3.6
1431.72482015	605.952022207	3.6	3.6
1454.96952024	770.718604935	3.6	3.6
1430.72482015	604.952022207	3.6	3.6
1453.96952024	769.718604935	3.6	3.6
1429.72482015	603.952022207	3.6	3.6
1452.96952024	768.718604935	3.6	3.6
1428.72482015	602.952022207	3.6	3.6
1451.96952024	767.718604935	3.6	3.6
1427.72482015	601.952022207	3.6	3.6
1450.96952024	766.718604935	3.6	3.6
1426.72482015	600.952022207	3.6	3.6
1449.96952024	765.718604935	3.6	3.6
1425.72482015	599.952022207	3.6	3.6
1.0	1.0	3.6	3.6
1.0	1.0	3.6	3.6
1.0	1.0	3.6	3.6
1.0	1.0	3.6	3.6
1.0	1.0	3.6	3.6
1579.13926206	668.341698087	3.6	3.6
1607.74802197	851.558789672	3.6	3.6
1578.13926206	667.341698087	3.6	3.6
1606.74802197	850.558789672	3.6	3.6
1577.13926206	666.341698087	3.6	3.6
1605.74802197	849.558789672	3.6	3.6
1576.13926206	665.341698087	3.6	3.6
1604.74802197	848.558789672	3.6	3.6
1575.13926206	664.341698087	3.6	3.6
1603.74802197	847.558789672	3.6	3.6
1574.13926206	663.341698087	3.6	3.6
1602.74802197	846.558789672	3.6	3.6
1573.13926206	662.341698087	3.6	3.6
1601.74802197	845.558789672	3.6	3.6
1572.13926206	661.341698087	3.6	3.6
1600.74802197	844.558789672	3.6	3.6
1571.13926206	660.341698087	3.6	3.6
1599.74802197	843.558789672	3.6	3.6
1570.13926206	659.341698087	3.6	3.6
1.0	1.0	3.6	3.6
1.0	1.0	3.6	3.6
1.0	1.0	3.6	3.6
1.0	1.0	3.6	3.6
1.0	1.0	3.6	3.6
1741.71198118	744.154764765	3.6	3.6
1775.85686208	948.911829664	3.6	3.6
1740.71198118	743.154764765	3.6	3.6
1774.85686208	947.911829664	3.6	3.6
1739.71198118	742.154764765	3.6	3.6
1773.85686208	946.911829664	3.6	3.6
1738.71198118	741.154764765	3.6	3.6
1772.85686208	945.911829664	3.6	3.6
1737.71198118	740.154764765	3.6	3.6
1771.85686208	944.911829664	3.6	3.6
1736.71198118	739.154764765	3.6	3.6
1770.85686208	943.911829664	3.6	3.6
1735.71198118	738.154764765	3.6	3.6
1769.85686208	942.911829664	3.6	3.6
1734.71198118	737.154764765	3.6	3.6
1768.85686208	941.911829664	3.6	3.6
1733.71198118	736.154764765	3.6	3.6
1767.85686208	940.911829664	3.6	3.6
1732.71198118	735.154764765	3.6	3.6
1.0	1.0	3.6	3.6
1.0	1.0	3.6	3.6
1.0	1.0	3.6	3.6
1.0	1.0	3.6	3.6
1.0	1.0	3.6	3.6
1811.91510423	777.426149734	3.6	3.6
1826.57726575	993.964318986	3.6	3.6
1810.91510423	776.426149734	3.6	3.6
1825.57726575	992.964318986	3.6	3.6
1809.91510423	775.426149734	3.6	3.6
1824.57726575	991.964318986	3.6	3.6
1808.91510423	774.426149734	3.6	3.6
1823.57726575	990.964318986	3.6	3.6
1807.91510423	773.426149734	3.6	3.6
1822.57726575	989.964318986	3.6	3.6
1806.91510423	772.426149734	3.6	3.6
1821.57726575	988.964318986	3.6	3.6
1805.91510423	771.426149734	3.6	3.6
1820.57726575	987.964318986	3.6	3.6
1804.91510423	770.426149734	3.6	3.6
1819.57726575	986.964318986	3.6	3.6
1803.91510423	769.426149734	3.6	3.6
1818.57726575	985.964318986	3.6	3.6
1802.91510423	768.426149734	3.6	3.6
1.0	1.0	3.6	3.6
1.0	1.0	3.6	3.6
1.0	1.0	3.6	3.6
1.0	1.0	3.6	3.6
1.0	1.0	3.6	3.6
1923.44317482	809.549573214	3.6	3.6
1955.23621931	1037.77765685	3.6	3.6
1922.44317482	808.549573214	3.6	3.6
1954.23621931	1036.77765685	3.6	3.6
1921.44317482	807.549573214	3.6	3.6
1953.23621931	1035.77765685	3.6	3.6
1920.44317482	806.549573214	3.6	3.6
1952.23621931	1034.77765685	3.6	3.6
1919.44317482	805.549573214	3.6	3.6
1951.23621931	1033.77765685	3.6	3.6
1918.44317482	804.549573214	3.6	3.6
1950.23621931	1032.77765685	3.6	3.6
1917.44317482	803.549573214	3.6	3.6
1949.23621931	1031.77765685	3.6	3.6
1916.44317482	802.549573214	3.6	3.6
1948.23621931	1030.77765685	3.6	3.6
1915.44317482	801.549573214	3.6	3.6
1947.23621931	1029.77765685	3.6	3.6
1914.44317482	800.549573214	3.6	3.6
1.0	1.0	3.6	3.6
1.0	1.0	3.6	3.6
1.0	1.0	3.6	3.6
1.0	1.0	3.6	3.6
1.0	1.0	3.6	3.6
1987.27870573	860.354654379	3.6	3.6
2015.02673125	1106.7146935	3.6	3.6
1986.27870573	859.354654379	3.6	3.6
2014.02673125	1105.7146935	3.6	3.6
1985.27870573	858.354654379	3.6	3.6
2013.02673125	1104.7146935	3.6	3.6
1984.27870573	857.354654379	3.6	3.6
2012.02673125	1103.7146935	3.6	3.6
1983.27870573	856.354654379	3.6	3.6
2011.02673125	1102.7146935	3.6	3.6
1982.27870573	855.354654379	3.6	3.6
2010.02673125	1101.7146935	3.6	3.6
1981.27870573	854.354654379	3.6	3.6
2009.02673125	1100.7146935	3.6	3.6
1980.27870573	853.354654379	3.6	3.6
2008.02673125	1099.7146935	3.6	3.6
1979.27870573	852.354654379	3.6	3.6
2007.02673125	1098.7146935	3.6	3.6
1978.27870573	851.354654379	3.6	3.6
1.0	1.0	3.6	3.6
1.0	1.0	3.6	3.6
1.0	1.0	3.6	3.6
1.0	1.0	3.6	3.6
1.0	1.0	3.6	3.6
2112.38407652	920.475892958	3.6	3.6
2140.01443983	1184.54844224	3.6	3.6
2111.38407652	919.475892958	3.6	3.6
2139.01443983	1183.54844224	3.6	3.6
2110.38407652	918.475892958	3.6	3.6
2138.01443983	1182.54844224	3.6	3.6
2109.38407652	917.475892958	3.6	3.6
2137.01443983	1181.54844224	3.6	3.6
2108.38407652	916.475892958	3.6	3.6
2136.01443983	1180.54844224	3.6	3.6
2107.38407652	915.475892958	3.6	3.6
2135.01443983	1179.54844224	3.6	3.6
2106.38407652	914.475892958	3.6	3.6
2134.01443983	1178.54844224	3.6	3.6
2105.38407652	913.475892958	3.6	3.6
2133.01443983	1177.54844224	3.6	3.6
2104.38407652	912.475892958	3.6	3.6
2132.01443983	1176.54844224	3.6	3.6
2103.38407652	911.475892958	3.6	3.6
1.0	1.0	3.6	3.6
1.0	1.0	3.6	3.6
1.0	1.0	3.6	3.6
1.0	1.0	3.6	3.6
1.0	1.0	3.6	3.6
2263.75927243	959.69605914	3.6	3.6
2307.55325893	1237.64791034	3.6	3.6
2262.75927243	958.69605914	3.6	3.6
2306.55325893	1236.64791034	3.6	3.6
2261.75927243	957.69605914	3.6	3.6
2305.55325893	1235.64791034	3.6	3.6
2260.75927243	956.69605914	3.6	3.6
2304.55325893	1234.64791034	3.6	3.6
2259.75927243	955.69605914	3.6	3.6
2303.55325893	1233.64791034	3.6	3.6
2258.75927243	954.69605914	3.6	3.6
2302.55325893	1232.64791034	3.6	3.6
2257.75927243	953.69605914	3.6	3.6
2301.55325893	1231.64791034	3.6	3.6
2256.75927243	952.69605914	3.6	3.6
2300.55325893	1230.64791034	3.6	3.6
2255.75927243	951.69605914	3.6	3.6
2299.55325893	1229.64791034	3.6	3.6
2254.75927243	950.69605914	3.6	3.6
1.0	1.0	3.6	3.6
1.0	1.0	3.6	3.6
1.0	1.0	3.6	3.6
1.0	1.0	3.6	3.6
1.0	1.0	3.6	3.6
2426.335775	1003.15703973	3.6	3.6
2460.39537576	1296.28678457	3.6	3.6
2425.335775	1002.15703973	3.6	3.6
2459.39537576	1295.28678457	3.6	3.6
2424.335775	1001.15703973	3.6	3.6
2458.39537576	1294.28678457	3.6	3.6
2423.335775	1000.15703973	3.6	3.6
2457.39537576	1293.28678457	3.6	3.6
2422.335775	999.157039731	3.6	3.6
2456.39537576	1292.28678457	3.6	3.6
2421.335775	998.157039731	3.6	3.6
2455.39537576	1291.28678457	3.6	3.6
2420.335775	997.157039731	3.6	3.6
2454.39537576	1290.28678457	3.6	3.6
2419.335775	996.157039731	3.6	3.6
2453.39537576	1289.28678457	3.6	3.6
2418.335775	995.157039731	3.6	3.6
2452.39537576	1288.28678457	3.6	3.6
2417.335775	994.157039731	3.6	3.6
1.0	1.0	3.6	3.6
1.0	1.0	3.6	3.6
1.0	1.0	3.6	3.6
1.0	1.0	3.6	3.6
1.0	1.0	3.6	3.6
2585.29922072	1080.98262505	3.6	3.6
2623.589605	1404.49559727	3.6	3.6
2584.29922072	1079.98262505	3.6	3.6
2622.589605	1403.49559727	3.6	3.6
2583.29922072	1078.98262505	3.6	3.6
2621.589605	1402.49559727	3.6	3.6
2582.29922072	1077.98262505	3.6	3.6
2620.589605	1401.49559727	3.6	3.6
2581.29922072	1076.98262505	3.6	3.6
2619.589605	1400.49559727	3.6	3.6
2580.29922072	1075.98262505	3.6	3.6
2618.589605	1399.49559727	3.6	3.6
2579.29922072	1074.98262505	3.6	3.6
2617.589605	1398.49559727	3.6	3.6
2578.29922072	1073.98262505	3.6	3.6
2616.589605	1397.49559727	3.6	3.6
2577.29922072	1072.98262505	3.6	3.6
2615.589605	1396.49559727	3.6	3.6
2576.29922072	1071.98262505	3.6	3.6
1.0	1.0	3.6	3.6
1.0	1.0	3.6	3.6
1.0	1.0	3.6	3.6
1.0	1.0	3.6	3.6
1.0	1.0	3.6	3.6
2690.97913263	1126.82621506	3.6	3.6
2713.02727879	1466.71072969	3.6	3.6
2689.97913263	1125.82621506	3.6	3.6
2712.02727879	1465.71072969	3.6	3.6
2688.97913263	1124.82621506	3.6	3.6
2711.02727879	1464.71072969	3.6	3.6
2687.97913263	1123.82621506	3.6	3.6
2710.02727879	1463.71072969	3.6	3.6
2686.97913263	1122.82621506	3.6	3.6
2709.02727879	1462.71072969	3.6	3.6
2685.97913263	1121.82621506	3.6	3.6
2708.02727879	1461.71072969	3.6	3.6
2684.97913263	1120.82621506	3.6	3.6
2707.02727879	1460.71072969	3.6	3.6
2683.97913263	1119.82621506	3.6	3.6
2706.02727879	1459.71072969	3.6	3.6
2682.97913263	1118.82621506	3.6	3.6
2705.02727879	1458.71072969	3.6	3.6
2681.97913263	1117.82621506	3.6	3.6
1.0	1.0	3.6	3.6
1.0	1.0	3.6	3.6
1.0	1.0	3.6	3.6
1.0	1.0	3.6	3.6
1.0	1.0	3.6	3.6
2782.0518375	1177.10534222	3.6	3.6
2811.79756212	1535.35947597	3.6	3.6
2781.0518375	1176.10534222	3.6	3.6
2810.79756212	1534.35947597	3.6	3.6
2780.0518375	1175.10534222	3.6	3.6
2809.79756212	1533.35947597	3.6	3.6
2779.0518375	1174.10534222	3.6	3.6
2808.79756212	1532.35947597	3.6	3.6
2778.0518375	1173.10534222	3.6	3.6
2807.79756212	1531.35947597	3.6	3.6
2777.0518375	1172.10534222	3.6	3.6
2806.79756212	1530.35947597	3.6	3.6
2776.0518375	1171.10534222	3.6	3.6
2805.79756212	1529.35947597	3.6	3.6
2775.0518375	1170.10534222	3.6	3.6
2804.79756212	1528.35947597	3.6	3.6
2774.0518375	1169.10534222	3.6	3.6
2803.79756212	1527.35947597	3.6	3.6
2773.0518375	1168.10534222	3.6	3.6
1.0	1.0	3.6	3.6
1.0	1.0	3.6	3.6
1.0	1.0	3.6	3.6
1.0	1.0	3.6	3.6
1.0	1.0	3.6	3.6
2879.12070686	1186.77304003	3.6	3.6
2899.65750744	1551.11380466	3.6	3.6
2878.12070686	1185.77304003	3.6	3.6
2898.65750744	1550.11380466	3.6	3.6
2877.12070686	1184.77304003	3.6	3.6
2897.65750744	1549.11380466	3.6	3.6
2876.12070686	1183.77304003	3.6	3.6
2896.65750744	1548.11380466	3.6	3.6
2875.12070686	1182.77304003	3.6	3.6
2895.65750744	1547.11380466	3.6	3.6
2874.12070686	1181.77304003	3.6	3.6
2894.65750744	1546.11380466	3.6	3.6
2873.12070686	1180.77304003	3.6	3.6
2893.65750744	1545.11380466	3.6	3.6
2872.12070686	1179.77304003	3.6	3.6
2892.65750744	1544.11380466	3.6	3.6
2871.12070686	1178.77304003	3.6	3.6
2891.65750744	1543.11380466	3.6	3.6
2870.12070686	1177.77304003	3.6	3.6
1.0	1.0	3.6	3.6
1.0	1.0	3.6	3.6
1.0	1.0	3.6	3.6
1.0	1.0	3.6	3.6
1.0	1.0	3.6	3.6
3024.12349115	1259.91286654	3.6	3.6
3065.22637919	1656.87804815	3.6	3.6
3023.12349115	1258.91286654	3.6	3.6
3064.22637919	1655.87804815	3.6	3.6
3022.12349115	1257.91286654	3.6	3.6
3063.22637919	1654.87804815	3.6	3.6
3021.12349115	1256.91286654	3.6	3.6
3062.22637919	1653.87804815	3.6	3.6
3020.12349115	1255.91286654	3.6	3.6
3061.22637919	1652.87804815	3.6	3.6
3019.12349115	1254.91286654	3.6	3.6
3060.22637919	1651.87804815	3.6	3.6
3018.12349115	1253.91286654	3.6	3.6
3059.22637919	1650.87804815	3.6	3.6
3017.12349115	1252.91286654	3.6	3.6
3058.22637919	1649.87804815	3.6	3.6
3016.12349115	1251.91286654	3.6	3.6
3057.22637919	1648.87804815	3.6	3.6
3015.12349115	1250.91286654	3.6	3.6
1.0	1.0	3.6	3.6
1.0	1.0	3.6	3.6
1.0	1.0	3.6	3.6
1.0	1.0	3.6	3.6
1.0	1.0	3.6	3.6
3160.26153095	1330.69730739	3.6	3.6
3206.40315809	1776.46339892	3.6	3.6
3159.26153095	1329.69730739	3.6	3.6
3205.40315809	1775.46339892	3.6	3.6
3158.26153095	1328.69730739	3.6	3.6
3204.40315809	1774.46339892	3.6	3.6
3157.26153095	1327.69730739	3.6	3.6
3203.40315809	1773.46339892	3.6	3.6
3156.26153095	1326.69730739	3.6	3.6
3202.40315809	1772.46339892	3.6	3.6
3155.26153095	1325.69730739	3.6	3.6
3201.40315809	1771.46339892	3.6	3.6
3154.26153095	1324.69730739	3.6	3.6
3200.40315809	1770.46339892	3.6	3.6
3153.26153095	1323.69730739	3.6	3.6
3199.40315809	1769.46339892	3.6	3.6
3152.26153095	1322.69730739	3.6	3.6
3198.40315809	1768.46339892	3.6	3.6
1.0	1.0	3.6	3.6
1.0	1.0	3.6	3.6
1.0	1.0	3.6	3.6
1.0	1.0	3.6	3.6
1.0	1.0	3.6	3.6
1.0	1.0	3.6	3.6
1.0	1.0	3.6	3.6
3401.24164904	1892.49331897	3.6	3.6
3433.84957926	1456.15703294	3.6	3.6
3400.24164904	1891.49331897	3.6	3.6
3432.84957926	1455.15703294	3.6	3.6
3399.24164904	1890.49331897	3.6	3.6
3431.84957926	1454.15703294	3.6	3.6
3398.24164904	1889.49331897	3.6	3.6
3430.84957926	1453.15703294	3.6	3.6
3397.24164904	1888.49331897	3.6	3.6
3429.84957926	1452.15703294	3.6	3.6
3396.24164904	1887.49331897	3.6	3.6
3428.84957926	1451.15703294	3.6	3.6
3395.24164904	1886.49331897	3.6	3.6
3427.84957926	1450.15703294	3.6	3.6
3394.24164904	1885.49331897	3.6	3.6
3426.84957926	1449.15703294	3.6	3.6
3393.24164904	1884.49331897	3.6	3.6
1.0	1.0	3.6	3.6
1.0	1.0	3.6	3.6
1.0	1.0	3.6	3.6
1.0	1.0	3.6	3.6
1.0	1.0	3.6	3.6
1.0	1.0	3.6	3.6
1.0	1.0	3.6	3.6
3544.59848508	1975.98267551	3.6	3.6
3577.91794477	1551.63851713	3.6	3.6
3543.59848508	1974.98267551	3.6	3.6
3576.91794477	1550.63851713	3.6	3.6
3542.59848508	1973.98267551	3.6	3.6
3575.91794477	1549.63851713	3.6	3.6
3541.59848508	1972.98267551	3.6	3.6
3574.91794477	1548.63851713	3.6	3.6
3540.59848508	1971.98267551	3.6	3.6
3573.91794477	1547.63851713	3.6	3.6
3539.59848508	1970.98267551	3.6	3.6
3572.91794477	1546.63851713	3.6	3.6
3538.59848508	1969.98267551	3.6	3.6
3571.91794477	1545.63851713	3.6	3.6
3537.59848508	1968.98267551	3.6	3.6
3570.91794477	1544.63851713	3.6	3.6
3536.59848508	1967.98267551	3.6	3.6
1.0	1.0	3.6	3.6
1.0	1.0	3.6	3.6
1.0	1.0	3.6	3.6
1.0	1.0	3.6	3.6
1.0	1.0	3.6	3.6
1.0	1.0	3.6	3.6
1.0	1.0	3.6	3.6
3660.18249894	2036.72554778	3.6	3.6
3690.16299521	1627.2227417	3.6	3.6
3659.18249894	2035.72554778	3.6	3.6
3689.16299521	1626.2227417	3.6	3.6
3658.18249894	2034.72554778	3.6	3.6
3688.16299521	1625.2227417	3.6	3.6
3657.18249894	2033.72554778	3.6	3.6
3687.16299521	1624.2227417	3.6	3.6
3656.18249894	2032.72554778	3.6	3.6
3686.16299521	1623.2227417	3.6	3.6
3655.18249894	2031.72554778	3.6	3.6
3685.16299521	1622.2227417	3.6	3.6
3654.18249894	2030.72554778	3.6	3.6
3684.16299521	1621.2227417	3.6	3.6
3653.18249894	2029.72554778	3.6	3.6
3683.16299521	1620.2227417	3.6	3.6
3652.18249894	2028.72554778	3.6	3.6
1.0	1.0	3.6	3.6
1.0	1.0	3.6	3.6
1.0	1.0	3.6	3.6
1.0	1.0	3.6	3.6
1.0	1.0	3.6	3.6
1.0	1.0	3.6	3.6
1.0	1.0	3.6	3.6
3771.36530396	2097.06364007	3.6	3.6
3803.58221468	1703.49752851	3.6	3.6
3770.36530396	2096.06364007	3.6	3.6
3802.58221468	1702.49752851	3.6	3.6
3769.36530396	2095.06364007	3.6	3.6
3801.58221468	1701.49752851	3.6	3.6
3768.36530396	2094.06364007	3.6	3.6
3800.58221468	1700.49752851	3.6	3.6
3767.36530396	2093.06364007	3.6	3.6
3799.58221468	1699.49752851	3.6	3.6
3766.36530396	2092.06364007	3.6	3.6
3798.58221468	1698.49752851	3.6	3.6
3765.36530396	2091.06364007	3.6	3.6
3797.58221468	1697.49752851	3.6	3.6
3764.36530396	2090.06364007	3.6	3.6
3796.58221468	1696.49752851	3.6	3.6
3763.36530396	2089.06364007	3.6	3.6
1.0	1.0	3.6	3.6
1.0	1.0	3.6	3.6
1.0	1.0	3.6	3.6
1.0	1.0	3.6	3.6
1.0	1.0	3.6	3.6
1.0	1.0	3.6	3.6
1.0	1.0	3.6	3.6
3914.05235552	2185.3157236	3.6	3.6
3949.87477848	1806.37971874	3.6	3.6
3913.05235552	2184.3157236	3.6	3.6
3948.87477848	1805.37971874	3.6	3.6
3912.05235552	2183.3157236	3.6	3.6
3947.87477848	1804.37971874	3.6	3.6
3911.05235552	2182.3157236	3.6	3.6
3946.87477848	1803.37971874	3.6	3.6
3910.05235552	2181.3157236	3.6	3.6
3945.87477848	1802.37971874	3.6	3.6
3909.05235552	2180.3157236	3.6	3.6
3944.87477848	1801.37971874	3.6	3.6
3908.05235552	2179.3157236	3.6	3.6
3943.87477848	1800.37971874	3.6	3.6
3907.05235552	2178.3157236	3.6	3.6
3942.87477848	1799.37971874	3.6	3.6
3906.05235552	2177.3157236	3.6	3.6
1.0	1.0	3.6	3.6
1.0	1.0	3.6	3.6
1.0	1.0	3.6	3.6
1.0	1.0	3.6	3.6
1.0	1.0	3.6	3.6
1.0	1.0	3.6	3.6
1.0	1.0	3.6	3.6
4083.41656465	2300.005748	3.6	3.6
4122.69786387	1936.84581904	3.6	3.6
4082.41656465	2299.005748	3.6	3.6
4121.69786387	1935.84581904	3.6	3.6
4081.41656465	2298.005748	3.6	3.6
4120.69786387	1934.84581904	3.6	3.6
4080.41656465	2297.005748	3.6	3.6
4119.69786387	1933.84581904	3.6	3.6
4079.41656465	2296.005748	3.6	3.6
4118.69786387	1932.84581904	3.6	3.6
4078.41656465	2295.005748	3.6	3.6
4117.69786387	1931.84581904	3.6	3.6
4077.41656465	2294.005748	3.6	3.6
4116.69786387	1930.84581904	3.6	3.6
4076.41656465	2293.005748	3.6	3.6
4115.69786387	1929.84581904	3.6	3.6
4075.41656465	2292.005748	3.6	3.6
1.0	1.0	3.6	3.6
1.0	1.0	3.6	3.6
1.0	1.0	3.6	3.6
1.0	1.0	3.6	3.6
1.0	1.0	3.6	3.6
1.0	1.0	3.6	3.6
1.0	1.0	3.6	3.6
4263.15035681	2413.38051661	3.6	3.6
4303.13253234	2069.63474301	3.6	3.6
4262.15035681	2412.38051661	3.6	3.6
4302.13253234	2068.63474301	3.6	3.6
4261.15035681	2411.38051661	3.6	3.6
4301.13253234	2067.63474301	3.6	3.6
4260.15035681	2410.38051661	3.6	3.6
4300.13253234	2066.63474301	3.6	3.6
4259.15035681	2409.38051661	3.6	3.6
4299.13253234	2065.63474301	3.6	3.6
4258.15035681	2408.38051661	3.6	3.6
4298.13253234	2064.63474301	3.6	3.6
4257.15035681	2407.38051661	3.6	3.6
4297.13253234	2063.63474301	3.6	3.6
4256.15035681	2406.38051661	3.6	3.6
4296.13253234	2062.63474301	3.6	3.6
4255.15035681	2405.38051661	3.6	3.6
1.0	1.0	3.6	3.6
1.0	1.0	3.6	3.6
1.0	1.0	3.6	3.6
1.0	1.0	3.6	3.6
1.0	1.0	3.6	3.6
1.0	1.0	3.6	3.6
1.0	1.0	3.6	3.6
4419.44626094	2501.8158696	3.6	3.6
4459.22486206	2177.17591531	3.6	3.6
4418.44626094	2500.8158696	3.6	3.6
4458.22486206	2176.17591531	3.6	3.6
4417.44626094	2499.8158696	3.6	3.6
4457.22486206	2175.17591531	3.6	3.6
4416.44626094	2498.8158696	3.6	3.6
4456.22486206	2174.17591531	3.6	3.6
4415.44626094	2497.8158696	3.6	3.6
4455.22486206	2173.17591531	3.6	3.6
4414.44626094	2496.8158696	3.6	3.6
4454.22486206	2172.17591531	3.6	3.6
4413.44626094	2495.8158696	3.6	3.6
4453.22486206	2171.17591531	3.6	3.6
4412.44626094	2494.8158696	3.6	3.6
4452.22486206	2170.17591531	3.6	3.6
4411.44626094	2493.8158696	3.6	3.6
1.0	1.0	3.6	3.6
1.0	1.0	3.6	3.6
1.0	1.0	3.6	3.6
1.0	1.0	3.6	3.6
1.0	1.0	3.6	3.6
1.0	1.0	3.6	3.6
1.0	1.0	3.6	3.6
4577.44177587	2567.05600214	3.6	3.6
4602.56796723	2260.84687454	3.6	3.6
4576.44177587	2566.05600214	3.6	3.6
4601.56796723	2259.84687454	3.6	3.6
4575.44177587	2565.05600214	3.6	3.6
4600.56796723	2258.84687454	3.6	3.6
4574.44177587	2564.05600214	3.6	3.6
4599.56796723	2257.84687454	3.6	3.6
4573.44177587	2563.05600214	3.6	3.6
4598.56796723	2256.84687454	3.6	3.6
4572.44177587	2562.05600214	3.6	3.6
4597.56796723	2255.84687454	3.6	3.6
4571.44177587	2561.05600214	3.6	3.6
4596.56796723	2254.84687454	3.6	3.6
4570.44177587	2560.05600214	3.6	3.6
4595.56796723	2253.84687454	3.6	3.6
4569.44177587	2559.05600214	3.6	3.6
1.0	1.0	3.6	3.6
1.0	1.0	3.6	3.6
1.0	1.0	3.6	3.6
1.0	1.0	3.6	3.6
1.0	1.0	3.6	3.6
1.0	1.0	3.6	3.6
1.0	1.0	3.6	3.6
4685.93461573	2617.56854148	3.6	3.6
4717.45368407	2345.25548161	3.6	3.6
4684.93461573	2616.56854148	3.6	3.6
4716.45368407	2344.25548161	3.6	3.6
4683.93461573	2615.56854148	3.6	3.6
4715.45368407	2343.25548161	3.6	3.6
4682.93461573	2614.56854148	3.6	3.6
4714.45368407	2342.25548161	3.6	3.6
4681.93461573	2613.56854148	3.6	3.6
4713.45368407	2341.25548161	3.6	3.6
4680.93461573	2612.56854148	3.6	3.6
4712.45368407	2340.25548161	3.6	3.6
4679.93461573	2611.56854148	3.6	3.6
4711.45368407	2339.25548161	3.6	3.6
4678.93461573	2610.56854148	3.6	3.6
4710.45368407	2338.25548161	3.6	3.6
4677.93461573	2609.56854148	3.6	3.6
1.0	1.0	3.6	3.6
1.0	1.0	3.6	3.6
1.0	1.0	3.6	3.6
1.0	1.0	3.6	3.6
1.0	1.0	3.6	3.6
1.0	1.0	3.6	3.6
1.0	1.0	3.6	3.6
4827.53881508	2690.92354141	3.6	3.6
4858.73301676	2435.6162884	3.6	3.6
4826.53881508	2689.92354141	3.6	3.6
4857.73301676	2434.6162884	3.6	3.6
4825.53881508	2688.92354141	3.6	3.6
4856.73301676	2433.6162884	3.6	3.6
4824.53881508	2687.92354141	3.6	3.6
4855.73301676	2432.6162884	3.6	3.6
4823.53881508	2686.92354141	3.6	3.6
4854.73301676	2431.6162884	3.6	3.6
4822.53881508	2685.92354141	3.6	3.6
4853.73301676	2430.6162884	3.6	3.6
4821.53881508	2684.92354141	3.6	3.6
4852.73301676	2429.6162884	3.6	3.6
4820.53881508	2683.92354141	3.6	3.6
4851.73301676	2428.6162884	3.6	3.6
4819.53881508	2682.92354141	3.6	3.6
1.0	1.0	3.6	3.6
1.0	1.0	3.6	3.6
1.0	1.0	3.6	3.6
1.0	1.0	3.6	3.6
1.0	1.0	3.6	3.6
1.0	1.0	3.6	3.6
1.0	1.0	3.6	3.6
5050.76287969	2805.97557678	3.6	3.6
5081.90109665	2567.65941589	3.6	3.6
5049.76287969	2804.97557678	3.6	3.6
5080.90109665	2566.65941589	3.6	3.6
5048.76287969	2803.97557678	3.6	3.6
5079.90109665	2565.65941589	3.6	3.6
5047.76287969	2802.97557678	3.6	3.6
5078.90109665	2564.65941589	3.6	3.6
5046.76287969	2801.97557678	3.6	3.6
5077.90109665	2563.65941589	3.6	3.6
5045.76287969	2800.97557678	3.6	3.6
5076.90109665	2562.65941589	3.6	3.6
5044.76287969	2799.97557678	3.6	3.6
5075.90109665	2561.65941589	3.6	3.6
5043.76287969	2798.97557678	3.6	3.6
5074.90109665	2560.65941589	3.6	3.6
5042.76287969	2797.97557678	3.6	3.6
1.0	1.0	3.6	3.6
1.0	1.0	3.6	3.6
1.0	1.0	3.6	3.6
1.0	1.0	3.6	3.6
1.0	1.0	3.6	3.6
1.0	1.0	3.6	3.6
1.0	1.0	3.6	3.6
5300.46782201	2932.02475038	3.6	3.6
5329.33461538	2711.64064314	3.6	3.6
5299.46782201	2931.02475038	3.6	3.6
5328.33461538	2710.64064314	3.6	3.6
5298.46782201	2930.02475038	3.6	3.6
5327.33461538	2709.64064314	3.6	3.6
5297.46782201	2929.02475038	3.6	3.6
5326.33461538	2708.64064314	3.6	3.6
5296.46782201	2928.02475038	3.6	3.6
5325.33461538	2707.64064314	3.6	3.6
5295.46782201	2927.02475038	3.6	3.6
5324.33461538	2706.64064314	3.6	3.6
5294.46782201	2926.02475038	3.6	3.6
5323.33461538	2705.64064314	3.6	3.6
5293.46782201	2925.02475038	3.6	3.6
5322.33461538	2704.64064314	3.6	3.6
5292.46782201	2924.02475038	3.6	3.6
1.0	1.0	3.6	3.6
1.0	1.0	3.6	3.6
1.0	1.0	3.6	3.6
1.0	1.0	3.6	3.6
1.0	1.0	3.6	3.6
1.0	1.0	3.6	3.6
1.0	1.0	3.6	3.6
5532.71641224	3052.79479417	3.6	3.6
5564.62577215	2845.39969786	3.6	3.6
5531.71641224	3051.79479417	3.6	3.6
5563.62577215	2844.39969786	3.6	3.6
5530.71641224	3050.79479417	3.6	3.6
5562.62577215	2843.39969786	3.6	3.6
5529.71641224	3049.79479417	3.6	3.6
5561.62577215	2842.39969786	3.6	3.6
5528.71641224	3048.79479417	3.6	3.6
5560.62577215	2841.39969786	3.6	3.6
5527.71641224	3047.79479417	3.6	3.6
5559.62577215	2840.39969786	3.6	3.6
5526.71641224	3046.79479417	3.6	3.6
5558.62577215	2839.39969786	3.6	3.6
5525.71641224	3045.79479417	3.6	3.6
5557.62577215	2838.39969786	3.6	3.6
5524.71641224	3044.79479417	3.6	3.6
1.0	1.0	3.6	3.6
1.0	1.0	3.6	3.6
1.0	1.0	3.6	3.6
1.0	1.0	3.6	3.6
1.0	1.0	3.6	3.6
1.0	1.0	3.6	3.6
1.0	1.0	3.6	3.6
5669.58976632	3150.15340462	3.6	3.6
5706.40146092	2956.32222312	3.6	3.6
5668.58976632	3149.15340462	3.6	3.6
5705.40146092	2955.32222312	3.6	3.6
5667.58976632	3148.15340462	3.6	3.6
5704.40146092	2954.32222312	3.6	3.6
5666.58976632	3147.15340462	3.6	3.6
5703.40146092	2953.32222312	3.6	3.6
5665.58976632	3146.15340462	3.6	3.6
5702.40146092	2952.32222312	3.6	3.6
5664.58976632	3145.15340462	3.6	3.6
5701.40146092	2951.32222312	3.6	3.6
5663.58976632	3144.15340462	3.6	3.6
5700.40146092	2950.32222312	3.6	3.6
5662.58976632	3143.15340462	3.6	3.6
5699.40146092	2949.32222312	3.6	3.6
5661.58976632	3142.15340462	3.6	3.6
1.0	1.0	3.6	3.6
1.0	1.0	3.6	3.6
1.0	1.0	3.6	3.6
1.0	1.0	3.6	3.6
1.0	1.0	3.6	3.6
1.0	1.0	3.6	3.6
1.0	1.0	3.6	3.6
5802.1156413	3215.44674977	3.6	3.6
